1 0.12016908212560386 0.4963659683625481 0.05193236714975845 0.5788798631893971
3 0.19867149758454106 0.9482684908080375 0.1678743961352657 0.03163745190252244
3 0.797403381642512 0.9439931594698588 0.17451690821256038 0.025651988029072252
2 0.4945652173913043 0.9512612227447627 0.07971014492753623 0.04275331338178709
2 0.31431159420289856 0.2122702009405729 0.09842995169082125 0.05258657545959811
3 0.09178743961352656 0.10666951688755878 0.1606280193236715 0.036340316374519024
3 0.8285024154589372 0.06263360410431808 0.29830917874396135 0.03890551517742625
0 0.25120772946859904 0.09683625480974775 0.12801932367149757 0.11757161179991449
0 0.33816425120772947 0.09747755451047456 0.18115942028985507 0.12056434373663959
0 0.5271739130434783 0.09320222317229584 0.24154589371980675 0.129115006412997
