0 0.3566243194192378 0.10218041898247114 0.19177253478523898 0.12825994014536127
1 0.3067150635208712 0.3026934587430526 0.13309134906231096 0.052159042325780246
1 0.7915910465819722 0.34416417272338606 0.10344827586206898 0.09662248824283881
1 0.8738656987295826 0.4615220179563916 0.0986085904416213 0.03292005130397606
1 0.7577132486388385 0.5964087216759298 0.12280701754385966 0.05643437366395895
1 0.09770114942528736 0.6881145788798632 0.0780399274047187 0.05857203933304831
1 0.1427707199032063 0.8114578879863189 0.08469449485783424 0.05899957246686618
1 0.8424077434966728 0.7772552372808892 0.04658197217180884 0.06840530141085933
1 0.853901996370236 0.8140230867892261 0.13127646702964307 0.03163745190252244
1 0.5133091349062311 0.8755878580589995 0.2002419842710224 0.045318512184694314
3 0.7689050211736238 0.7148353997434801 0.21415607985480944 0.03420265070542967
0 0.8762855414398065 0.9140658401026079 0.14821536600120994 0.08550662676357418
2 0.5683605565638234 0.937152629328773 0.08650937689050213 0.03420265070542967
