1 0.17028985507246375 0.4846088071825566 0.07246376811594203 0.38948268490808036
3 0.3115942028985507 0.2612227447627191 0.286231884057971 0.05985463873450192
3 0.10628019323671498 0.10602821718683197 0.1859903381642512 0.033347584437793926
3 0.8128019323671497 0.06327490380504489 0.2608695652173913 0.04275331338178709
0 0.24969806763285024 0.09683625480974775 0.13466183574879226 0.12184694313809319
0 0.39039855072463764 0.08336896109448481 0.16727053140096618 0.13681060282171867
0 0.5609903381642511 0.09020949123557075 0.18840579710144928 0.12825994014536127
3 0.22614734299516906 0.943351859769132 0.21195652173913043 0.02436938862761864
2 0.5042270531400966 0.9525438221462162 0.10869565217391304 0.04788371098760154
3 0.7913647342995169 0.9529713552800342 0.19625603864734298 0.03420265070542967
