1 0.12288647342995168 0.48225737494655835 0.06702898550724637 0.5848653270628473
3 0.20471014492753623 0.946985891406584 0.16545893719806762 0.03420265070542967
3 0.797403381642512 0.946985891406584 0.1467391304347826 0.03676784950833689
3 0.813707729468599 0.05899957246686618 0.24456521739130432 0.04873877725523728
3 0.09178743961352656 0.10047028644719966 0.17391304347826086 0.046173578452330055
0 0.24516908212560384 0.09747755451047456 0.10507246376811594 0.11628901239846087
0 0.33242753623188404 0.09811885421120137 0.16243961352657005 0.12184694313809319
0 0.5265700483091788 0.08764429243266353 0.25 0.12569474134245404
2 0.49124396135265697 0.9439931594698588 0.11050724637681159 0.0718255664814023
2 0.3073671497584541 0.2214621633176571 0.07729468599033816 0.03676784950833689
