3 0.09269323671497584 0.10367678495083368 0.16243961352657005 0.03035485250106883
3 0.8182367149758454 0.05835827276613937 0.2741545893719807 0.04061564771269773
3 0.1968599033816425 0.9444206926036768 0.2330917874396135 0.03420265070542967
3 0.7910628019323671 0.9495510902094911 0.21739130434782608 0.03163745190252244
2 0.4867149758454106 0.9519025224454895 0.10507246376811594 0.056006840530141086
2 0.2883454106280193 0.19516887558785806 0.08756038647342995 0.047456177853783664
0 0.24788647342995168 0.09555365540829414 0.12741545893719805 0.11244121419410004
0 0.3351449275362319 0.09576742197520308 0.17753623188405795 0.11714407866609662
0 0.5280797101449275 0.08999572466866182 0.2433574879227053 0.13552800342026505
1 0.11594202898550723 0.47434801197092774 0.056763285024154585 0.5887131252672082
