1 0.05864570737605804 0.5607356715141146 0.06045949214026602 0.6501283147989735
0 0.22249093107617895 0.07869974337040204 0.14993954050785974 0.11377245508982035
0 0.4921402660217654 0.0695038494439692 0.25755743651753327 0.12703165098374677
0 0.8186215235792019 0.1514114627887083 0.20556227327690446 0.13173652694610777
0 0.56136638452237 0.6127031650983746 0.533857315598549 0.3289136013686912
0 0.402962515114873 0.5119760479041916 0.18319226118500603 0.1146278870829769
0 0.43319226118500603 0.6156971770744225 0.21946795646916564 0.16381522668947818
0 0.5628778718258767 0.5534644995722839 0.16444981862152358 0.10265183917878529
1 0.9434703748488512 0.7673224978614199 0.03446191051995163 0.42258340461933275
3 0.8261789600967352 0.03656971770744226 0.26904474002418377 0.044054747647562016
