1 0.028079710144927536 0.49935870029927315 0.0464975845410628 0.9952971355280034
3 0.10295893719806763 0.10773834972210346 0.13466183574879226 0.03420265070542967
3 0.8109903381642511 0.05536554082941428 0.28140096618357485 0.04147071398033347
3 0.2539251207729468 0.930525865754596 0.2638888888888889 0.03805044890979051
3 0.8266908212560387 0.926891834117144 0.22946859903381642 0.033347584437793926
2 0.5135869565217391 0.2099187687045746 0.09963768115942029 0.045318512184694314
0 0.24969806763285024 0.08828559213339034 0.13828502415458938 0.11500641299700726
0 0.34178743961352653 0.07417699871740059 0.18840579710144928 0.13552800342026505
0 0.5377415458937198 0.07802479692176144 0.22765700483091786 0.12099187687045745
1 0.6446256038647342 0.1834117144078666 0.051328502415458936 0.10260795211628901
