1 0.14522946859903382 0.34908080376229156 0.06702898550724637 0.3552800342026507
2 0.3125 0.2032920051303976 0.09118357487922706 0.0440359127832407
3 0.09450483091787439 0.10837964942283027 0.1829710144927536 0.03035485250106883
3 0.8118961352657005 0.06263360410431808 0.2964975845410628 0.036340316374519024
3 0.19444444444444445 0.9508336896109448 0.24879227053140096 0.03163745190252244
3 0.7955917874396135 0.9459170585720392 0.22282608695652173 0.026934587430525864
2 0.4861111111111111 0.9482684908080375 0.11714975845410627 0.05643437366395895
0 0.2521135265700483 0.10367678495083368 0.11533816425120773 0.10389055151774262
0 0.3269927536231884 0.10132535271483539 0.15881642512077293 0.11115861479264642
0 0.5262681159420289 0.09320222317229584 0.2433574879227053 0.1274048738777255
