3 0.09269323671497584 0.10303548525010688 0.1793478260869565 0.046173578452330055
3 0.8275966183574879 0.06626763574176998 0.27596618357487923 0.051303976058144504
0 0.25120772946859904 0.09876015391192818 0.14492753623188406 0.11372381359555365
0 0.32457729468599034 0.09854638734501923 0.1539855072463768 0.12099187687045745
0 0.5265700483091788 0.09020949123557075 0.2572463768115942 0.1231295425395468
2 0.3179347826086956 0.20927746900384778 0.09842995169082125 0.04147071398033347
2 0.48852657004830913 0.950192389910218 0.12198067632850242 0.05258657545959811
3 0.20652173913043478 0.946985891406584 0.21014492753623187 0.039333048311244116
3 0.7913647342995169 0.9457032920051304 0.23852657004830916 0.03163745190252244
1 0.13315217391304346 0.3723813595553655 0.07065217391304347 0.3847798204360838
