1 0.018417874396135264 0.5017101325352714 0.03079710144927536 0.9957246686618212
3 0.10718599033816424 0.11329628046173577 0.16002415458937197 0.0307823856348867
0 0.26419082125603865 0.09982898674647285 0.1394927536231884 0.115861479264643
0 0.3420893719806763 0.08529286019666524 0.19142512077294685 0.14065840102607952
0 0.5368357487922705 0.08165882855921333 0.2330917874396135 0.1231295425395468
3 0.8076690821256038 0.061992304403591277 0.232487922705314 0.03762291577597263
0 0.20621980676328502 0.24839675074818296 0.1829710144927536 0.11714407866609662
3 0.7560386473429951 0.25267208208636166 0.20531400966183574 0.028217186831979477
1 0.6108091787439613 0.25502351432236 0.025966183574879224 0.12099187687045745
1 0.1089975845410628 0.4230440359127832 0.09118357487922706 0.061137238135955535
