1 0.11835748792270531 0.42667806755023513 0.05193236714975845 0.5104745617785378
3 0.1917270531400966 0.946985891406584 0.232487922705314 0.029072253099615218
3 0.7998188405797101 0.9471996579734929 0.18659420289855072 0.026934587430525864
3 0.0951086956521739 0.10837964942283027 0.17814009661835747 0.03292005130397606
3 0.8146135265700483 0.060282171868319794 0.2946859903381642 0.03420265070542967
0 0.2524154589371981 0.10731081658828559 0.13285024154589373 0.13082513894826847
0 0.3282004830917874 0.10303548525010688 0.17451690821256038 0.12483967507481829
0 0.5265700483091788 0.09576742197520308 0.23671497584541062 0.13424540401881144
2 0.28683574879227053 0.2287302265925609 0.10869565217391304 0.051303976058144504
2 0.4918478260869565 0.9519025224454895 0.11896135265700483 0.061137238135955535
