3 0.10718599033816424 0.11564771269773406 0.16727053140096618 0.03548525010688328
3 0.8242753623188406 0.06562633604104318 0.3103864734299517 0.047456177853783664
1 0.6059782608695652 0.20799486960239416 0.0464975845410628 0.19025224454895254
1 0.11775362318840579 0.47926464300983324 0.10869565217391304 0.11457887986318939
1 0.12681159420289853 0.6398033347584438 0.07246376811594203 0.09191962377084223
1 0.021739130434782608 0.5029927319367251 0.041062801932367145 0.9854638734501924
2 0.8647342995169082 0.20008550662676355 0.09178743961352656 0.04018811457887986
0 0.2554347826086956 0.10175288584865326 0.13647342995169082 0.11201368106028217
0 0.34450483091787437 0.08785805899957246 0.2071256038647343 0.1526293287729799
0 0.5368357487922705 0.08037622915775972 0.22946859903381642 0.1231295425395468
2 0.5057367149758454 0.9358700299273193 0.09118357487922706 0.051303976058144504
