0 0.24607487922705312 0.09982898674647285 0.13466183574879226 0.12355707567336469
0 0.3263888888888889 0.10004275331338178 0.17089371980676327 0.12569474134245404
0 0.5247584541062802 0.09149209063702436 0.24637681159420288 0.12825994014536127
3 0.08725845410628019 0.10367678495083368 0.16243961352657005 0.03548525010688328
3 0.8146135265700483 0.05835827276613937 0.27053140096618356 0.047456177853783664
1 0.12107487922705314 0.5324925181701582 0.06702898550724637 0.5485250106883283
3 0.20652173913043478 0.9459170585720392 0.21376811594202896 0.04147071398033347
2 0.4903381642512077 0.9422830269345874 0.10507246376811594 0.04873877725523728
3 0.7998188405797101 0.943351859769132 0.18659420289855072 0.03206498503634032
2 0.2376207729468599 0.18426678067550234 0.0791062801932367 0.045318512184694314
