1 0.01902173913043478 0.49914493373236424 0.03683574879227053 0.9914493373236425
3 0.11141304347826086 0.10902094912355707 0.16243961352657005 0.029072253099615218
0 0.26419082125603865 0.09491235570756733 0.1503623188405797 0.12569474134245404
0 0.34088164251207725 0.08037622915775972 0.1793478260869565 0.1453612654980761
0 0.5395531400966184 0.07716973065412569 0.2554347826086956 0.14407866609662248
3 0.8257850241545893 0.05835827276613937 0.26268115942028986 0.04489097905087644
2 0.5178140096618358 0.20436083796494228 0.11171497584541062 0.04360837964942283
3 0.2530193236714976 0.9311671654553227 0.2789855072463768 0.03676784950833689
3 0.8257850241545893 0.926891834117144 0.23852657004830916 0.0307823856348867
1 0.7146739130434783 0.19388627618640444 0.06702898550724637 0.08422402736212056
