1 0.024456521739130432 0.5010688328345446 0.0392512077294686 0.9893116716545531
1 0.6893115942028986 0.18961094484822572 0.03804347826086956 0.0953398888413852
3 0.813707729468599 0.05536554082941428 0.25181159420289856 0.036340316374519024
3 0.26690821256038644 0.9337323642582299 0.26207729468599034 0.03163745190252244
3 0.8360507246376812 0.9275331338178708 0.22765700483091786 0.02436938862761864
3 0.10990338164251207 0.10966224882428388 0.16545893719806762 0.027789653698161606
0 0.26419082125603865 0.09555365540829414 0.12983091787439613 0.11244121419410004
0 0.3366545893719807 0.08101752885848652 0.18417874396135264 0.14920906370243692
0 0.5332125603864734 0.08230012825994014 0.2330917874396135 0.12441214194100042
2 0.5150966183574879 0.20371953826421546 0.0929951690821256 0.04489097905087644
