0 0.1164549304295221 0.09448482257374946 0.19903206291591047 0.12227447627191107
0 0.7017543859649124 0.13723813595553655 0.21415607985480944 0.1393758016246259
0 0.26436781609195403 0.8730226592560923 0.14519056261343014 0.09149209063702436
1 0.7525710828796129 0.7490380504489097 0.07743496672716274 0.15647712697734073
2 0.7528735632183908 0.8627618640444634 0.07441016333938294 0.06584010260795212
2 0.47791893526920753 0.8986746472851646 0.11252268602540835 0.062419837537409144
3 0.16908650937689051 0.9715690466011115 0.2558983666061706 0.0440359127832407
1 0.1503327283726558 0.6648140230867892 0.05505142165759226 0.5592133390337751
1 0.31276467029643074 0.2793929029499786 0.43194192377495466 0.03805044890979051
1 0.7861464004839686 0.3796494228302693 0.05868118572292801 0.27960666951688756
