3 0.19444444444444445 0.950192389910218 0.2246376811594203 0.03548525010688328
3 0.8034420289855072 0.9457032920051304 0.22041062801932365 0.03163745190252244
3 0.10295893719806763 0.10175288584865326 0.19625603864734298 0.03163745190252244
3 0.8327294685990337 0.060282171868319794 0.3103864734299517 0.051303976058144504
0 0.25452898550724634 0.10175288584865326 0.13466183574879226 0.12227447627191107
0 0.3254830917874396 0.10239418554938007 0.1582125603864734 0.12099187687045745
0 0.529891304347826 0.09320222317229584 0.2469806763285024 0.13681060282171867
2 0.31612318840579706 0.2161179991449337 0.10205314009661835 0.05258657545959811
2 0.4909420289855072 0.9463445917058572 0.12439613526570048 0.06712270200940572
1 0.11594202898550723 0.4608807182556648 0.06038647342995169 0.5720393330483112
