3 0.16243194192377497 0.9696451474989312 0.2595281306715064 0.033347584437793926
0 0.2852389594676346 0.8713125267208208 0.1385359951603146 0.0880718255664814
0 0.705989110707804 0.13232150491663103 0.19842710223835452 0.1321077383497221
0 0.12008469449485784 0.09640872167592988 0.18814277071990324 0.11842667806755022
1 0.7604355716878404 0.761436511329628 0.05565638233514822 0.14878153056861906
1 0.7906836055656383 0.3582727661393758 0.036297640653357534 0.21291150064129968
1 0.25136116152450094 0.2789653698161607 0.29219600725952816 0.0440359127832407
1 0.1503327283726558 0.6479264643009833 0.045372050816696916 0.5912783240701154
2 0.47459165154264976 0.8982471141513467 0.09497882637628555 0.05386917486105173
2 0.7631578947368421 0.8657545959811885 0.06715063520871144 0.057289439931594695
