0 0.12099213551119178 0.09747755451047456 0.19358741681790687 0.1188542112013681
0 0.705989110707804 0.13232150491663103 0.22262552934059288 0.12184694313809319
3 0.1754385964912281 0.9709277469003847 0.24682395644283123 0.04275331338178709
1 0.7483363581367212 0.7308678922616503 0.06533575317604357 0.17828131680205214
2 0.4788263762855415 0.8995297135528003 0.09013914095583787 0.051303976058144504
2 0.7673926194797339 0.8621205643437366 0.07924984875983061 0.061992304403591277
0 0.279189352692075 0.8657545959811885 0.12643678160919541 0.07952116289012398
1 0.15366001209921357 0.6483539974348012 0.05202661826981247 0.5707567336468576
1 0.26860254083484575 0.278110303548525 0.33030852994555354 0.05002137665669089
1 0.7924984875983062 0.3681060282171868 0.05686630369026014 0.23685335613510045
