0 0.12890625 0.07674219752030782 0.18930288461538464 0.12099187687045745
0 0.8707932692307693 0.09747755451047456 0.21274038461538464 0.13595553655408293
3 0.15024038461538464 0.9610944848225736 0.23197115384615385 0.052159042325780246
3 0.3503605769230769 0.9623770842240273 0.14783653846153846 0.03762291577597263
3 0.6051682692307693 0.9521162890123984 0.2247596153846154 0.051303976058144504
2 0.8473557692307693 0.9623770842240273 0.10096153846153846 0.03762291577597263
1 0.31700721153846156 0.6111586147926464 0.07391826923076923 0.3202223172295853
3 0.3665865384615385 0.3118854211201368 0.17307692307692307 0.02949978623343309
3 0.7635216346153847 0.31295425395468146 0.21814903846153846 0.03163745190252244
1 0.6102764423076923 0.3294142796066695 0.5991586538461539 0.018383924754168446
