1 0.11684782608695651 0.44249679350149634 0.05857487922705314 0.6036767849508337
1 0.8620169082125604 0.7755451047456178 0.08635265700483091 0.07952116289012398
1 0.8774154589371981 0.8909790508764429 0.05193236714975845 0.06840530141085933
2 0.28140096618357485 0.19773407439076526 0.10507246376811594 0.05258657545959811
3 0.08544685990338163 0.10239418554938007 0.15881642512077293 0.04061564771269773
0 0.24879227053140096 0.09747755451047456 0.13647342995169082 0.10602821718683197
0 0.3272946859903382 0.09213339033775117 0.17270531400966183 0.12697734074390765
0 0.5326086956521738 0.0850790936297563 0.26570048309178745 0.1453612654980761
3 0.8242753623188406 0.05643437366395895 0.286231884057971 0.051303976058144504
2 0.48339371980676327 0.9311671654553227 0.10205314009661835 0.04873877725523728
