1 0.022041062801932364 0.5010688328345446 0.034420289855072464 0.9944420692603676
3 0.11594202898550723 0.1152201795639162 0.16425120772946858 0.036340316374519024
3 0.8146135265700483 0.06819153484395041 0.3055555555555555 0.03805044890979051
2 0.5057367149758454 0.21526293287729797 0.07427536231884058 0.04147071398033347
1 0.6808574879227053 0.2056434373663959 0.03804347826086956 0.08294142796066695
0 0.2608695652173913 0.10410431808465155 0.1292270531400966 0.10987601539119281
0 0.34088164251207725 0.08700299273193672 0.1829710144927536 0.14151346729371525
0 0.5359299516908212 0.08657545959811885 0.22765700483091786 0.12355707567336469
3 0.25905797101449274 0.9348011970927746 0.25362318840579706 0.026934587430525864
3 0.8248792270531401 0.9390765284309534 0.19806763285024154 0.03035485250106883
