1 0.12801932367149757 0.5250106883283454 0.06763285024154589 0.5463873450192389
3 0.19716183574879226 0.943351859769132 0.19142512077294685 0.03206498503634032
3 0.8010265700483091 0.9463445917058572 0.2397342995169082 0.03805044890979051
3 0.09541062801932366 0.10346301838392474 0.18115942028985507 0.04018811457887986
3 0.7992149758454106 0.0579307396323215 0.28804347826086957 0.0440359127832407
2 0.4945652173913043 0.950192389910218 0.1038647342995169 0.055151774262505344
2 0.223731884057971 0.19516887558785806 0.08272946859903381 0.05771697306541257
0 0.2524154589371981 0.10047028644719966 0.10869565217391304 0.10517315091919623
0 0.3291062801932367 0.10004275331338178 0.16908212560386474 0.12569474134245404
0 0.5271739130434783 0.09448482257374946 0.23792270531400966 0.1393758016246259
