1 0.10990338164251207 0.38584865327062845 0.06884057971014493 0.2774690038477982
2 0.4876207729468599 0.9471996579734929 0.12379227053140096 0.05857203933304831
3 0.20289855072463767 0.9495510902094911 0.24879227053140096 0.04873877725523728
3 0.7844202898550724 0.9439931594698588 0.22101449275362317 0.04018811457887986
3 0.09692028985507246 0.10602821718683197 0.17089371980676327 0.045318512184694314
3 0.8360507246376812 0.06135100470286447 0.30374396135265697 0.061137238135955535
0 0.25966183574879226 0.09876015391192818 0.14492753623188406 0.12825994014536127
0 0.33846618357487923 0.09747755451047456 0.19142512077294685 0.13082513894826847
0 0.527475845410628 0.09020949123557075 0.25181159420289856 0.14023086789226163
2 0.23158212560386474 0.19217614365113295 0.09480676328502415 0.056006840530141086
