0 0.1280048076923077 0.07545959811885421 0.1875 0.12355707567336469
0 0.8629807692307693 0.09320222317229584 0.2043269230769231 0.14450619923044036
3 0.15024038461538464 0.956819153484395 0.22836538461538464 0.039333048311244116
3 0.627704326923077 0.9585292860196665 0.18689903846153846 0.04275331338178709
2 0.846454326923077 0.9604531851218469 0.061899038461538464 0.026934587430525864
3 0.3614783653846154 0.9561778537836682 0.12560096153846154 0.027789653698161606
1 0.3161057692307693 0.6703719538264216 0.07211538461538462 0.3993159469858914
3 0.37259615384615385 0.3095339888841385 0.14423076923076925 0.03420265070542967
3 0.7436899038461539 0.30867892261650276 0.17848557692307693 0.028217186831979477
0 0.8578725961538463 0.3392475416844805 0.1015625 0.0645575032064985
