3 0.09359903381642512 0.10175288584865326 0.17753623188405795 0.03163745190252244
3 0.8206521739130435 0.05664814023086789 0.2898550724637681 0.03890551517742625
2 0.2010869565217391 0.21398033347584436 0.11714975845410627 0.061137238135955535
2 0.4867149758454106 0.9459170585720392 0.09178743961352656 0.04660111158614792
3 0.19595410628019322 0.9463445917058572 0.17572463768115942 0.03292005130397606
3 0.7835144927536232 0.9416417272338605 0.19142512077294685 0.03035485250106883
1 0.11171497584541062 0.5213766566908935 0.06884057971014493 0.5237280889268918
0 0.24607487922705312 0.09683625480974775 0.13466183574879226 0.14920906370243692
0 0.32789855072463764 0.09811885421120137 0.18478260869565216 0.12954253954681488
0 0.5271739130434783 0.09020949123557075 0.24516908212560384 0.14279606669516887
