0 0.3551119177253479 0.10282171868319795 0.19479733817301878 0.12697734074390765
2 0.5644283121597097 0.9446344591705856 0.08832425892317 0.04147071398033347
0 0.8768905021173624 0.9127832407011542 0.14700544464609802 0.08294142796066695
1 0.11222020568663038 0.685121846943138 0.06957047791893528 0.08165882855921333
1 0.1545674531155475 0.8071825566481402 0.08771929824561404 0.07439076528430953
1 0.8218390804597702 0.6207781103035485 0.09497882637628555 0.051303976058144504
1 0.869328493647913 0.49572466866182124 0.10042347247428918 0.03805044890979051
1 0.7915910465819722 0.3221462163317657 0.11433756805807624 0.10132535271483539
1 0.8251663641863279 0.8065412569474134 0.036297640653357534 0.0953398888413852
3 0.7846339987900787 0.7131252672082086 0.17301875378100426 0.033347584437793926
