1 0.1373792270531401 0.5318512184694314 0.07548309178743962 0.5617785378366823
3 0.21769323671497584 0.950192389910218 0.21195652173913043 0.03292005130397606
3 0.8067632850241545 0.946985891406584 0.1932367149758454 0.03676784950833689
3 0.08997584541062802 0.109234715690466 0.17028985507246375 0.04147071398033347
3 0.8266908212560387 0.061992304403591277 0.2741545893719807 0.05472424112868747
2 0.2484903381642512 0.2099187687045746 0.09480676328502415 0.045318512184694314
2 0.4900362318840579 0.9463445917058572 0.11896135265700483 0.06712270200940572
0 0.2563405797101449 0.09918768704574604 0.15157004830917872 0.11970927746900384
0 0.3291062801932367 0.09683625480974775 0.1896135265700483 0.12954253954681488
0 0.5280797101449275 0.09320222317229584 0.2638888888888889 0.14450619923044036
