1 0.12801932367149757 0.55622060709705 0.06400966183574879 0.5301410859341599
2 0.2521135265700483 0.2062847370671227 0.09118357487922706 0.05258657545959811
2 0.49275362318840576 0.9482684908080375 0.1038647342995169 0.051303976058144504
3 0.09873188405797101 0.10837964942283027 0.18780193236714976 0.03805044890979051
0 0.2484903381642512 0.10111158614792645 0.12258454106280192 0.12355707567336469
0 0.32457729468599034 0.10175288584865326 0.16727053140096618 0.1274048738777255
0 0.5326086956521738 0.09085079093629755 0.26570048309178745 0.12697734074390765
3 0.8318236714975845 0.0645575032064985 0.28442028985507245 0.04275331338178709
3 0.7989130434782609 0.9471996579734929 0.20531400966183574 0.04147071398033347
3 0.21859903381642512 0.9512612227447627 0.23792270531400966 0.04788371098760154
