1 0.14794685990338163 0.49935870029927315 0.06884057971014493 0.5557930739632321
3 0.21437198067632848 0.9476271911073108 0.2258454106280193 0.03548525010688328
3 0.8052536231884058 0.9416417272338605 0.17572463768115942 0.03548525010688328
3 0.09541062801932366 0.10346301838392474 0.1570048309178744 0.045318512184694314
3 0.8164251207729468 0.06327490380504489 0.2777777777777778 0.052159042325780246
2 0.4954710144927536 0.9476271911073108 0.12258454106280192 0.0645575032064985
0 0.2548309178743961 0.09811885421120137 0.14130434782608695 0.11757161179991449
0 0.3194444444444444 0.09576742197520308 0.19806763285024154 0.11714407866609662
0 0.529891304347826 0.09149209063702436 0.2361111111111111 0.12825994014536127
2 0.268719806763285 0.20692603676784949 0.10024154589371981 0.05386917486105173
