0 0.12379807692307693 0.07738349722103463 0.1887019230769231 0.11714407866609662
0 0.8662860576923077 0.09619495510902094 0.20733173076923078 0.14023086789226163
3 0.15805288461538464 0.95382642154767 0.20552884615384617 0.03762291577597263
3 0.3578725961538462 0.9581017528858486 0.14603365384615385 0.03676784950833689
3 0.6138822115384616 0.9585292860196665 0.19411057692307693 0.04275331338178709
3 0.3656850961538462 0.3082513894826849 0.1544471153846154 0.03420265070542967
3 0.7563100961538461 0.3125267208208636 0.2421875 0.0307823856348867
2 0.8431490384615385 0.9561778537836682 0.08533653846153846 0.055151774262505344
1 0.2884615384615385 0.6135100470286446 0.04447115384615385 0.2787516032492518
0 0.8656850961538463 0.34929457032920047 0.08233173076923077 0.05985463873450192
