2 0.4969806763285024 0.9542539546814878 0.10869565217391304 0.06584010260795212
3 0.20138888888888887 0.9463445917058572 0.1998792270531401 0.03548525010688328
3 0.7940821256038647 0.9457032920051304 0.20893719806763283 0.03420265070542967
3 0.08997584541062802 0.10602821718683197 0.17028985507246375 0.03762291577597263
3 0.813707729468599 0.060923471569046594 0.2964975845410628 0.03548525010688328
1 0.12952898550724637 0.4719965797349294 0.07427536231884058 0.6011115861479265
0 0.24607487922705312 0.09683625480974775 0.11775362318840579 0.11500641299700726
0 0.33152173913043476 0.10004275331338178 0.1678743961352657 0.13082513894826847
0 0.5229468599033816 0.08892689183411714 0.24637681159420288 0.1333903377511757
2 0.2910628019323671 0.19901667379221888 0.0929951690821256 0.05002137665669089
