1 0.12620772946859904 0.43950406156477123 0.049516908212560384 0.5609234715690465
2 0.33091787439613524 0.22338606241983752 0.0966183574879227 0.05002137665669089
2 0.4918478260869565 0.9495510902094911 0.11896135265700483 0.051303976058144504
3 0.21316425120772947 0.9499786233433091 0.21376811594202896 0.045318512184694314
3 0.8094806763285024 0.943351859769132 0.19504830917874394 0.03890551517742625
3 0.10477053140096618 0.10731081658828559 0.1793478260869565 0.045318512184694314
3 0.8215579710144927 0.05857203933304831 0.25664251207729466 0.04275331338178709
0 0.2548309178743961 0.10346301838392474 0.12801932367149757 0.12825994014536127
0 0.32457729468599034 0.09811885421120137 0.1636473429951691 0.13467293715262932
0 0.5307971014492754 0.09747755451047456 0.26207729468599034 0.14279606669516887
