3 0.10205314009661835 0.10303548525010688 0.18115942028985507 0.03676784950833689
3 0.8146135265700483 0.06135100470286447 0.25362318840579706 0.03890551517742625
3 0.19957729468599034 0.946985891406584 0.22041062801932365 0.03163745190252244
3 0.8363526570048309 0.9471996579734929 0.286231884057971 0.026934587430525864
2 0.49275362318840576 0.953185121846943 0.1038647342995169 0.04147071398033347
2 0.21769323671497584 0.21953826421547668 0.08152173913043478 0.03548525010688328
1 0.11745169082125603 0.36746472851646 0.050120772946859904 0.2552372808892689
0 0.24516908212560384 0.1049593843522873 0.15338164251207728 0.11842667806755022
0 0.348731884057971 0.09940145361265497 0.19142512077294685 0.12954253954681488
0 0.5214371980676328 0.09149209063702436 0.2433574879227053 0.14279606669516887
