3 0.09359903381642512 0.10731081658828559 0.17753623188405795 0.04018811457887986
0 0.25120772946859904 0.09085079093629755 0.13768115942028986 0.12441214194100042
0 0.3867753623188406 0.08465156049593843 0.17089371980676327 0.13424540401881144
0 0.5618961352657005 0.08336896109448481 0.20350241545893719 0.1393758016246259
3 0.8100845410628019 0.0675502351432236 0.22765700483091786 0.04873877725523728
1 0.1582125603864734 0.38456605386917486 0.06521739130434782 0.2287302265925609
3 0.23943236714975843 0.9495510902094911 0.2071256038647343 0.039333048311244116
2 0.5081521739130435 0.956819153484395 0.11050724637681159 0.04873877725523728
3 0.7747584541062802 0.9525438221462162 0.18115942028985507 0.033347584437793926
1 0.20471014492753623 0.5799486960239418 0.05555555555555555 0.15519452757588711
