0 0.12431941923774956 0.09683625480974775 0.1869328493647913 0.10731081658828559
0 0.7005444646098005 0.13531423685335614 0.18148820326678766 0.115861479264643
0 0.2522686025408349 0.8608379649422829 0.09679370840895343 0.07225309961522018
1 0.14761040532365396 0.7058572039333048 0.036297640653357534 0.48225737494655835
1 0.24531155474894134 0.2776827704147071 0.24500907441016337 0.021804189824711415
1 0.7897761645493043 0.4119281744335186 0.034482758620689655 0.3202223172295853
1 0.7571082879612826 0.7289439931594698 0.034482758620689655 0.1453612654980761
2 0.7450090744101634 0.8755878580589995 0.08287961282516637 0.057289439931594695
2 0.47761645493042953 0.9031637451902522 0.09497882637628555 0.056006840530141086
3 0.17695099818511797 0.9739204788371099 0.24379915305505145 0.04189824711415135
