0 0.35601935874168184 0.10175288584865326 0.19056261343012706 0.1274048738777255
0 0.8744706594071386 0.9153484395040615 0.14216575922565033 0.09063702436938863
2 0.55989110707804 0.9380076955964086 0.09376890502117363 0.04275331338178709
1 0.07683000604960678 0.6769987174005985 0.09800362976406535 0.06370243693886275
1 0.7967332123411979 0.3319794784095767 0.10405323653962494 0.09619495510902094
1 0.8720508166969148 0.5012825994014536 0.0986085904416213 0.03890551517742625
3 0.7931034482758621 0.7223172295852929 0.1693889897156685 0.04147071398033347
1 0.8336358136721114 0.807610089781958 0.06049606775559589 0.08550662676357418
1 0.6231094978826377 0.8285592133390337 0.23714458560193588 0.04189824711415135
1 0.15184513006654568 0.8118854211201367 0.10042347247428918 0.07695596408721675
