1 0.02294685990338164 0.5002137665669089 0.043478260869565216 0.9995724668661821
1 0.1038647342995169 0.5151774262505344 0.08091787439613526 0.12569474134245404
1 0.1126207729468599 0.7088499358700299 0.09842995169082125 0.11201368106028217
1 0.5754830917874396 0.2159042325780248 0.07608695652173912 0.1598973920478837
3 0.8215579710144927 0.0639162035057717 0.22282608695652173 0.04660111158614792
3 0.09782608695652173 0.109234715690466 0.13768115942028986 0.04147071398033347
0 0.2469806763285024 0.08956819153484395 0.14613526570048307 0.13467293715262932
0 0.3451086956521739 0.0778110303548525 0.21557971014492752 0.13082513894826847
0 0.5377415458937198 0.07246686618212911 0.25181159420289856 0.12697734074390765
2 0.5102657004830917 0.9390765284309534 0.0929951690821256 0.055151774262505344
