1 0.11926328502415458 0.453612654980761 0.050120772946859904 0.5617785378366823
3 0.09420289855072464 0.11030354852501069 0.17632850241545892 0.04360837964942283
3 0.8200483091787439 0.060282171868319794 0.2777777777777778 0.046173578452330055
3 0.19082125603864733 0.946985891406584 0.22101449275362317 0.03420265070542967
3 0.8067632850241545 0.9450619923044036 0.2934782608695652 0.03548525010688328
2 0.4861111111111111 0.9519025224454895 0.14130434782608695 0.04916631038905515
2 0.3435990338164251 0.20863616930312098 0.09782608695652173 0.05044890979050876
0 0.25754830917874394 0.10367678495083368 0.1431159420289855 0.12355707567336469
0 0.3297101449275362 0.10175288584865326 0.1570048309178744 0.12483967507481829
0 0.5253623188405797 0.09085079093629755 0.26570048309178745 0.14407866609662248
