1 0.01932367149758454 0.49871740059854636 0.036231884057971016 0.996579734929457
3 0.10567632850241546 0.11094484822573748 0.15338164251207728 0.03035485250106883
3 0.8327294685990337 0.059640872167592986 0.2826086956521739 0.04489097905087644
3 0.2572463768115942 0.9281744335185976 0.3055555555555555 0.04788371098760154
3 0.8266908212560387 0.9288157332193244 0.31521739130434784 0.03890551517742625
0 0.2548309178743961 0.09619495510902094 0.14130434782608695 0.13082513894826847
0 0.3502415458937198 0.08101752885848652 0.20531400966183574 0.14151346729371525
0 0.5383454106280193 0.0857203933304831 0.2397342995169082 0.12954253954681488
2 0.5150966183574879 0.20863616930312098 0.0929951690821256 0.045318512184694314
1 0.7110507246376812 0.19324497648567762 0.0464975845410628 0.10260795211628901
