1 0.278415961305925 0.6135100470286446 0.03083434099153567 0.6404446344591705
1 0.3494558645707376 0.920051303976058 0.16928657799274485 0.014536126549807609
0 0.42533252720677145 0.3813595553655408 0.17714631197097944 0.04275331338178709
0 0.3455259975816203 0.45040615647712695 0.062273276904474 0.08678922616502778
0 0.6448004836759371 0.1182129115006413 0.19770253929866988 0.13125267208208635
0 0.3775695284159613 0.8170158187259512 0.13724304715840385 0.10004275331338178
0 0.4510278113663845 0.8356135100470286 0.12817412333736397 0.08935442496793501
1 0.6487303506650544 0.8193672509619495 0.30229746070133007 0.07823856348867037
3 0.786577992744861 0.8815733219324497 0.07980652962515114 0.018811457887986317
3 0.5477629987908101 0.9352287302265925 0.03869407496977025 0.02009405728943993
