1 0.9392014519056262 0.10735671514114628 0.08408953418027829 0.16082121471343028
1 0.6996370235934665 0.3212147134302823 0.31881427707199034 0.033361847733105215
1 0.2782819116757411 0.31822070145423437 0.34966727162734423 0.029084687767322495
1 0.34815486993345435 0.35564585115483316 0.2716273442226256 0.020958083832335328
1 0.28251663641863284 0.3896492728828058 0.1282516636418633 0.022241231822070145
1 0.2909860859044162 0.4213002566295979 0.14761040532365396 0.018819503849443968
1 0.7386569872958259 0.35671514114627884 0.29401088929219604 0.023096663815226688
1 0.6766485178463401 0.3917878528656972 0.1397459165154265 0.028229255774165952
1 0.690865093768905 0.4223695466210436 0.16817906836055657 0.026946107784431135
0 0.9080459770114944 0.9550898203592814 0.10768300060496068 0.0718562874251497
2 0.5096793708408954 0.9493156544054747 0.03690260133091349 0.022668947818648415
