3 0.8121597096188748 0.05707567336468576 0.15789473684210528 0.021804189824711415
3 0.5114942528735632 0.9452757588713124 0.7568058076225046 0.018811457887986317
1 0.32758620689655177 0.7268063274903804 0.35390199637023595 0.038477982043608375
1 0.7156684815486994 0.7161179991449337 0.29522081064730793 0.0615647712697734
1 0.24228675136116154 0.5399743480119709 0.19177253478523898 0.057289439931594695
1 0.6848154869933455 0.5540829414279607 0.26255293405928615 0.03163745190252244
1 0.7047791893526921 0.3805044890979051 0.28191167574107684 0.041043180846515606
1 0.3136721113127647 0.3685335613510047 0.3914095583787054 0.046173578452330055
1 0.2840290381125227 0.21013253527148354 0.21718088324258925 0.03548525010688328
1 0.7695099818511797 0.19837537409149208 0.24077434966727165 0.052159042325780246
1 0.25378100423472477 0.10346301838392474 0.10949788263762857 0.018811457887986317
3 0.21113127646702967 0.13018383924754168 0.15366001209921357 0.03035485250106883
2 0.5090744101633394 0.9619495510902094 0.032062915910465825 0.023086789226165028
