1 0.28251663641863284 0.20265070542967079 0.26739261947973386 0.03762291577597263
1 0.6721113127646704 0.19709277469003847 0.22262552934059288 0.05301410859341599
1 0.3182093163944344 0.24540401881145787 0.24077434966727165 0.029072253099615218
1 0.25680580762250454 0.28559213339033773 0.14216575922565033 0.03420265070542967
1 0.7192982456140351 0.24690038477982043 0.25529340592861466 0.021804189824711415
1 0.7392619479733817 0.2787516032492518 0.2891712038717484 0.018811457887986317
1 0.7026618269812462 0.4493373236425823 0.29219600725952816 0.05557930739632321
1 0.26497277676951 0.45510902094912353 0.24682395644283123 0.0440359127832407
1 0.3136721113127647 0.5301410859341599 0.24016938898971568 0.08123129542539546
1 0.7202056866303691 0.5228730226592561 0.29219600725952816 0.062419837537409144
3 0.5045372050816698 0.9337323642582299 0.49001814882032674 0.02479692176143651
