1 0.04186795491143317 0.5818435754189943 0.061191626409017714 0.6519553072625698
0 0.39573268921095006 0.530167597765363 0.21497584541062803 0.12849162011173182
0 0.5821256038647343 0.5681564245810056 0.1996779388083736 0.13966480446927373
0 0.4227053140096618 0.6290502793296089 0.28019323671497587 0.14972067039106143
0 0.4935587761674718 0.5793296089385475 0.44605475040257647 0.2513966480446927
1 0.5946054750402576 0.7625698324022345 0.5499194847020934 0.11284916201117318
1 0.9750402576489533 0.8136871508379887 0.040257648953301126 0.3726256983240223
0 0.855072463768116 0.14636871508379887 0.23510466988727857 0.14860335195530724
0 0.21980676328502416 0.0824022346368715 0.1932367149758454 0.14916201117318434
0 0.5036231884057971 0.07569832402234636 0.27294685990338163 0.14804469273743015
3 0.855877616747182 0.03603351955307262 0.2640901771336554 0.04860335195530726
