0 0.1279491833030853 0.09811885421120137 0.23169993950393225 0.13894826849080802
0 0.7050816696914701 0.13168020521590423 0.24500907441016337 0.17956391620350576
3 0.18300060496067758 0.9647285164600256 0.3006654567453116 0.061992304403591277
0 0.2676950998185118 0.8670371953826421 0.1869328493647913 0.10175288584865326
2 0.47247428917120393 0.8956819153484394 0.10889292196007261 0.046173578452330055
1 0.7492437991530551 0.7575887131252672 0.06352087114337568 0.1513467293715263
2 0.7519661222020569 0.8548525010688328 0.07622504537205083 0.0645575032064985
1 0.7855414398064127 0.41021804189824707 0.05384150030248034 0.2920051303976058
1 0.2894736842105263 0.278110303548525 0.34059286146400486 0.03292005130397606
1 0.14065335753176045 0.672082086361693 0.05021173623714459 0.5104745617785378
