3 0.10205314009661835 0.10731081658828559 0.15338164251207728 0.03762291577597263
1 0.051026570048309176 0.5025651988029072 0.08635265700483091 0.9846088071825566
0 0.2995169082125604 0.18961094484822572 0.21014492753623187 0.1466438648995297
0 0.7445652173913043 0.1671654553227875 0.3659420289855072 0.12825994014536127
3 0.7940821256038647 0.060923471569046594 0.2572463768115942 0.05002137665669089
2 0.9580314009661836 0.03698161607524583 0.07427536231884058 0.03890551517742625
0 0.5576690821256038 0.9322359982898674 0.11533816425120773 0.11244121419410004
1 0.20048309178743962 0.519666524155622 0.06763285024154589 0.19538264215476697
2 0.8577898550724637 0.8958956819153484 0.07789855072463768 0.0440359127832407
0 0.5238526570048309 0.10111158614792645 0.14190821256038647 0.12355707567336469
