3 0.08469449485783424 0.10560068405301411 0.15245009074410165 0.051303976058144504
3 0.810344827586207 0.0579307396323215 0.30429522081064736 0.0440359127832407
0 0.5366001209921356 0.08101752885848652 0.22262552934059288 0.11757161179991449
0 0.21324863883847553 0.5371953826421547 0.19540229885057472 0.23813595553655406
0 0.1736237144585602 0.8206498503634031 0.19237749546279492 0.13552800342026505
1 0.5366001209921356 0.8943993159469859 0.18511796733212343 0.03420265070542967
1 0.7232304900181489 0.8943993159469859 0.13611615245009076 0.05386917486105173
1 0.8735632183908046 0.8933304831124411 0.14035087719298248 0.04147071398033347
1 0.35329703569268 0.8982471141513467 0.1572897761645493 0.04873877725523728
2 0.55989110707804 0.95382642154767 0.11433756805807624 0.045318512184694314
