0 0.12341197822141561 0.7943565626336041 0.16454930429522083 0.13681060282171867
1 0.8995765275257109 0.5897819581017528 0.06049606775559589 0.3997434801197093
3 0.7395644283121597 0.14578879863189395 0.2970356926799758 0.051303976058144504
3 0.8139745916515427 0.059640872167592986 0.31760435571687845 0.05002137665669089
3 0.10798548094373867 0.10731081658828559 0.19903206291591047 0.05472424112868747
0 0.27041742286751363 0.12569474134245404 0.14640048396854205 0.14792646430098333
0 0.5021173623714459 0.18362548097477555 0.17785843920145192 0.16374519025224454
1 0.5659407138535996 0.9279606669516887 0.1397459165154265 0.10389055151774262
1 0.7377495462794919 0.9005985463873449 0.13490623109497885 0.03890551517742625
1 0.838173018753781 0.9055151774262505 0.08650937689050213 0.06327490380504489
