0 0.15970961887477314 0.41812740487387773 0.20205686630369027 0.4591705857203933
0 0.24531155474894134 0.09063702436938863 0.1663641863278887 0.1513467293715263
0 0.39473684210526316 0.0675502351432236 0.16757410768300063 0.13168020521590423
0 0.5635208711433757 0.07716973065412569 0.22444041137326076 0.12954253954681488
0 0.3768905021173624 0.43886276186404444 0.1899576527525711 0.09790508764429243
0 0.45251058681185724 0.7706284737067123 0.2661826981246219 0.10645575032064984
3 0.10556563823351484 0.09982898674647285 0.20387174833635816 0.05258657545959811
3 0.8312159709618876 0.04788371098760154 0.3109497882637629 0.051303976058144504
0 0.8254688445251059 0.2099187687045746 0.17120387174833637 0.057289439931594695
1 0.19267997580157292 0.8052586575459598 0.05021173623714459 0.3125267208208636
