1 0.12983091787439613 0.5138948268490807 0.056763285024154585 0.5019238991021804
3 0.20803140096618356 0.9427105600684053 0.2071256038647343 0.04018811457887986
3 0.8070652173913043 0.9407866609662249 0.2554347826086956 0.05857203933304831
3 0.1038647342995169 0.10431808465156049 0.19806763285024154 0.051303976058144504
3 0.8266908212560387 0.06135100470286447 0.2886473429951691 0.05857203933304831
0 0.23913043478260868 0.10602821718683197 0.16183574879227053 0.1333903377511757
0 0.3348429951690821 0.10367678495083368 0.16727053140096618 0.13552800342026505
0 0.5307971014492754 0.09191962377084223 0.26570048309178745 0.1393758016246259
2 0.4861111111111111 0.9450619923044036 0.12077294685990338 0.05258657545959811
2 0.22795893719806762 0.19410004275331338 0.09842995169082125 0.04275331338178709
