3 0.21859903381642512 0.9446344591705856 0.24154589371980675 0.053441641727233855
3 0.8170289855072463 0.9459170585720392 0.22101449275362317 0.04147071398033347
3 0.10295893719806763 0.1079521162890124 0.19625603864734298 0.04147071398033347
3 0.8257850241545893 0.06263360410431808 0.32065217391304346 0.0440359127832407
0 0.24879227053140096 0.1079521162890124 0.15338164251207728 0.14407866609662248
0 0.3351449275362319 0.1079521162890124 0.17753623188405795 0.12954253954681488
0 0.5247584541062802 0.09491235570756733 0.25362318840579706 0.16502778965369816
1 0.1234903381642512 0.5431808465156049 0.05857487922705314 0.5117571611799914
2 0.4945652173913043 0.9525438221462162 0.10024154589371981 0.052159042325780246
2 0.25905797101449274 0.20671227020094057 0.08816425120772946 0.04660111158614792
