1 0.13134057971014493 0.4760581445061992 0.08152173913043478 0.582727661393758
3 0.21165458937198067 0.9422830269345874 0.24456521739130432 0.051303976058144504
3 0.7980072463768115 0.9439931594698588 0.3001207729468599 0.05044890979050876
3 0.10205314009661835 0.10966224882428388 0.19806763285024154 0.047456177853783664
3 0.8215579710144927 0.06327490380504489 0.3194444444444444 0.04788371098760154
0 0.24094202898550723 0.10111158614792645 0.14492753623188406 0.13296280461735785
0 0.33152173913043476 0.10047028644719966 0.17753623188405795 0.1539119281744335
0 0.529891304347826 0.08828559213339034 0.2397342995169082 0.15177426250534415
2 0.49275362318840576 0.9525438221462162 0.14130434782608695 0.052159042325780246
2 0.28653381642512077 0.2062847370671227 0.09480676328502415 0.047456177853783664
