3 0.20018115942028986 0.9422830269345874 0.29166666666666663 0.04873877725523728
3 0.7983091787439613 0.9416417272338605 0.2246376811594203 0.047456177853783664
3 0.10356280193236715 0.10367678495083368 0.19504830917874394 0.055151774262505344
3 0.8336352657004831 0.06263360410431808 0.3158212560386473 0.05857203933304831
0 0.24094202898550723 0.10175288584865326 0.15579710144927536 0.14621633176571183
0 0.3366545893719807 0.09747755451047456 0.17814009661835747 0.13766566908935443
0 0.5359299516908212 0.09811885421120137 0.25181159420289856 0.15604959384352288
2 0.48339371980676327 0.9489097905087643 0.09842995169082125 0.0645575032064985
2 0.3342391304347826 0.19089354424967933 0.10326086956521739 0.04916631038905515
1 0.12016908212560386 0.476913210773835 0.05193236714975845 0.6425823001282599
