1 0.1271135265700483 0.5036340316374519 0.06944444444444445 0.549807610089782
3 0.2056159420289855 0.9482684908080375 0.2506038647342995 0.04360837964942283
3 0.8121980676328502 0.9457032920051304 0.24516908212560384 0.051303976058144504
3 0.10356280193236715 0.11158614792646429 0.19504830917874394 0.04873877725523728
3 0.8257850241545893 0.061992304403591277 0.32065217391304346 0.05985463873450192
2 0.49214975845410625 0.9499786233433091 0.1292270531400966 0.045318512184694314
2 0.2980072463768116 0.20436083796494228 0.11413043478260869 0.051303976058144504
0 0.25120772946859904 0.09790508764429243 0.16908212560386474 0.13681060282171867
0 0.3348429951690821 0.09790508764429243 0.16727053140096618 0.13681060282171867
0 0.5292874396135265 0.09491235570756733 0.2554347826086956 0.1598973920478837
