3 0.09873188405797101 0.10602821718683197 0.19504830917874394 0.04275331338178709
0 0.2530193236714976 0.09982898674647285 0.13405797101449274 0.13552800342026505
0 0.321256038647343 0.1049593843522873 0.17753623188405795 0.13809320222317228
0 0.5368357487922705 0.09448482257374946 0.2741545893719807 0.14878153056861906
3 0.8351449275362318 0.06006840530141085 0.30193236714975846 0.061137238135955535
3 0.20138888888888887 0.9444206926036768 0.25181159420289856 0.051303976058144504
3 0.7992149758454106 0.9459170585720392 0.2397342995169082 0.04660111158614792
2 0.4876207729468599 0.9457032920051304 0.12741545893719805 0.051303976058144504
1 0.12620772946859904 0.4683625480974775 0.07729468599033816 0.6400171013253527
2 0.33846618357487923 0.21911073108165882 0.10205314009661835 0.056006840530141086
