3 0.10144927536231883 0.10709705002137665 0.1932367149758454 0.05002137665669089
0 0.2469806763285024 0.09256092347156904 0.17753623188405795 0.14749893116716545
0 0.3306159420289855 0.09982898674647285 0.15881642512077293 0.14065840102607952
0 0.5265700483091788 0.08828559213339034 0.28140096618357485 0.14407866609662248
3 0.8206521739130435 0.06263360410431808 0.2826086956521739 0.06626763574176998
3 0.214975845410628 0.9446344591705856 0.2971014492753623 0.056006840530141086
3 0.8043478260869564 0.943565626336041 0.2330917874396135 0.051303976058144504
2 0.4903381642512077 0.9457032920051304 0.11231884057971014 0.06584010260795212
1 0.11594202898550723 0.47798204360837965 0.06400966183574879 0.6036767849508337
2 0.296195652173913 0.19281744335185977 0.07548309178743962 0.045318512184694314
